OP episode watched:
Try to limit to 4 (7 using one pace) a day
One pace is ~2x the pace of normal thus divide by 2 to get equivalent time (add 1 to balance)
9/07/26 (0.)
0. 494
1. 495
2. 
3. 496 497 498 499 500 501 502 503 504 505 506 507 508 509 510 511 512
4. 
5. 
6. 
7. 
8. 
9. 
10. 
11. 513 514 515 516 517 518 519 520 521 522
12. 523 524 525 526 527 528 529
13. 530 531 532 533 534 535 536 537 538 539 540 541
14. 542 543 544 545
15. 
16. 546 547 548 549 550 551
17. 552 553 554 555 556 557 558
18. 559 560
19. 561 562
20. 563 564 565 566 567 568 569 570 571
21. 
22. 
23. 572 573
24. 
25. 
26. 
27. 
28. 
29. 
30. 
31. 574 575 576 577 578 579 580 581
32. 582 583 584 585 586 587 588
33. 589 590 591 592 593 594 595 596 597 598 599 600
34. 601 602 603 604 605 606 607 608 609 610 611 612 613
35. 614 615 616 617 618 619 620 621 622 623 624 625
36. 626 627 628 629 630 631 632 633 634 635 636 637 638
37. 639 640 641 642 643 644 645 646 647 648 649
38. 650 651 652 653 654 655 656 657
39. 658
40. 659 660 661 662 663 664 665 666 667 668 669 670 671 672
41. 673 674 675 676 677 678 679 680 681 682
42. 
43. 683 684 685 686 687 688 689 690 691 692
44. 693 694 695 696 697 698
45. 
46. 699
47. 700 701 702 703 704 705
48. 706 707 708
49. 
50. 
51. 
52. 709 710 711 712 713
53. 714 715 716 717 718 719 720 721 722
54. 723 724 725 726
55. 
56. 727 728 729 730
57. 731 732 733 734 735 736
58. 
59. 737 738
60. 739 740 741 742 743 744 745
61. 746
62. 747 748 749 750 751 752 753
63. 754 755 756 757 758 759 760 761 762 763 764 765 766 767 768 769 770 771 772 773 774 775 776
64. 777 778 779 780 781 782
65. 783 784 785